[  0.41795918   1.53251701   2.64707483   3.41333333   4.55111111
   5.66566893   7.15174603   8.28952381   9.40408163  10.54185941
  11.65641723  13.14249433  14.28027211  15.41804989  16.53260771
  17.64716553  18.94748299  20.10848073  21.40879819  22.52335601
  23.66113379  25.17043084  26.30820862  27.42276644  28.53732426
  29.67510204  31.16117914  32.29895692  33.41351474  34.52807256
  35.66585034  37.15192744  38.28970522  39.40426304  40.51882086
  41.65659864  42.9569161   44.09469388  45.39501134  46.53278912
  47.67056689  49.15664399  50.29442177  51.40897959  52.54675737
  53.66131519  54.98485261  56.28517007  57.39972789  58.51428571
  59.65206349  60.78984127  61.92761905  63.04217687  64.15673469
  65.29451247  66.40907029  67.54684807  68.6614059   69.79918367
  70.9137415   72.02829932  73.1660771   74.30385488  75.4184127
  76.53297052  77.6707483   79.1568254   80.29460317  81.409161
  82.54693878  83.6614966   85.1475737   86.28535147  87.3999093
  88.51446712  89.6522449   90.95256236  92.11356009  93.3906576
  94.52843537  95.66621315  97.15229025  98.29006803  99.4278458
 100.54240363 101.68018141 103.1662585  104.28081633 105.4185941
 106.53315193 107.67092971 109.1570068  110.27156463 111.4093424
 112.52390023 113.661678   114.96199546 116.09977324 117.4000907
 118.51464853 119.6524263  121.16172336 122.29950113 123.41405896
 124.52861678 125.66639456 126.96671202 128.29024943 129.40480726
 130.51936508 131.65714286 132.79492063 133.93269841 135.04725624
 136.16181406 137.29959184 138.41414966 139.52870748 140.66648526
 141.80426304 142.91882086 144.03337868 145.17115646 146.28571429
 147.42349206 148.53804989 149.67582766 151.16190476 152.29968254
 153.41424036 154.52879819 155.66657596 157.15265306 158.29043084
 159.40498866 160.51954649 161.65732426 163.14340136 164.28117914
 165.39573696 166.51029478 167.64807256 169.15736961 170.29514739
 171.40970522 172.54748299 173.66204082 175.14811791 176.28589569
 177.40045351 178.53823129 179.65278912 180.95310658 182.27664399
 183.41442177 184.52897959 185.66675737 186.96707483 188.10485261
 189.38195011 190.51972789 191.65750567 193.16680272 194.28136054
 195.41913832 196.53369615 197.67147392 199.15755102 200.2953288
 201.38666667 202.50122449 203.45324263 204.40526077 205.54303855
 206.65759637 207.79537415 208.93315193 210.04770975 211.16226757
 212.30004535 213.41460317 214.529161   215.48117914 216.40997732
 217.5477551  218.66231293 219.8000907  220.91464853 222.0524263
 223.16698413 224.3047619  225.41931973 226.53387755 227.67165533
 229.15773243 230.2955102  231.41006803 232.52462585 233.66240363
 235.14848073 236.2862585  237.40081633 238.51537415 239.65315193
 241.16244898 242.30022676 243.41478458 244.5293424  245.66712018
 247.15319728 248.29097506 249.40553288 250.54331066 251.65786848
 252.95818594 254.28172336 255.41950113 256.53405896 257.64861678
 258.94893424 260.10993197 261.38702948 262.52480726 263.66258503
 265.14866213 266.28643991 267.42421769 268.53877551 269.65333333
 270.97687075 272.27718821 273.39174603 274.52952381 275.64408163
 276.78185941 277.91963719 279.03419501 280.17197279 281.28653061
 282.40108844 283.53886621 284.67664399 285.9537415  287.13795918
 288.39183673 289.52961451]