[  4.64399093   5.57278912   6.61768707   7.63936508   8.63782313
   9.65950113  10.65795918  11.65641723  12.63165533  13.60689342
  14.58213152  15.55736961  16.53260771  17.5078458   18.4830839
  19.48154195  20.45678005  21.43201814  22.40725624  23.35927438
  24.31129252  25.28653061  26.23854875  27.19056689  28.16580499
  29.11782313  30.06984127  31.02185941  31.9506576   32.90267574
  33.87791383  34.82993197  35.75873016  36.73396825  37.66276644
  38.63800454  39.59002268  40.54204082  41.49405896  42.46929705
  43.39809524  44.37333333  45.30213152  46.25414966  47.2061678
  48.15818594  49.08698413  50.03900227  50.99102041  51.94303855
  52.89505669  53.84707483  54.77587302  55.7046712   56.65668934
  57.60870748  58.53750567  59.48952381  60.44154195  61.39356009
  62.32235828  63.27437642  64.2031746   65.15519274  66.08399093
  67.05922902  68.01124717  68.96326531  69.9385034   70.89052154
  71.86575964  72.84099773  73.76979592  74.72181406  75.65061224
  76.57941043  77.50820862  78.46022676  79.4122449   80.36426304
  81.29306122  82.24507937  83.17387755  84.10267574  85.05469388
  85.98349206  86.9355102   87.88752834  88.83954649  89.79156463
  90.72036281  91.67238095  92.60117914  93.52997732  94.45877551
  95.41079365  96.33959184  97.29160998  98.22040816  99.1724263
 100.07800454 101.03002268 101.93560091 102.88761905 103.81641723
 104.76843537 105.69723356 106.6492517  107.55482993 108.46040816
 109.38920635 110.34122449 111.27002268 112.22204082 113.150839
 114.10285714 115.00843537 115.93723356 116.84281179 117.77160998
 118.67718821 119.60598639 120.51156463 121.44036281 122.32272109
 123.25151927 124.15709751 125.08589569 125.99147392 126.92027211
 127.80263039 128.73142857 129.61378685 130.51936508 131.44816327
 132.3537415  133.25931973 134.18811791 135.09369615 135.99927438
 136.90485261 137.81043084 138.73922902 139.66802721 140.57360544
 141.47918367 142.40798186 143.33678005 144.24235828 145.19437642
 146.1231746  147.05197279 147.98077098 148.90956916 149.81514739
 150.74394558 151.64952381 152.578322   153.48390023 154.43591837
 155.3414966  156.29351474 157.22231293 158.1046712  159.03346939
 159.98548753 160.91428571 161.8430839  162.79510204 163.74712018
 164.67591837 165.5814966  166.51029478 167.43909297 168.36789116
 169.3199093  170.24870748 171.17750567 172.10630385 173.058322
 173.94068027 174.86947846 175.77505669 176.72707483 177.63265306
 178.56145125 179.46702948 180.39582766 181.3014059  182.23020408
 183.15900227 184.0645805  184.97015873 185.87573696 186.78131519
 187.73333333 188.61569161 189.5444898  190.45006803 191.37886621
 192.28444444 193.19002268 194.07238095 195.00117914 195.88353741
 196.78911565 197.69469388 198.60027211 199.52907029 200.43464853
 201.34022676 202.24580499 203.10494331 204.01052154 204.91609977
 205.821678   206.77369615 207.70249433 208.65451247 209.69941043
 210.69786848 211.88208617 212.7876644  213.69324263 214.59882086
 215.50439909 216.40997732 217.31555556 218.22113379 219.14993197
 220.07873016 221.00752834 221.93632653 222.86512472 223.7939229
 224.72272109 225.65151927 226.58031746 227.50911565 228.43791383
 229.36671202 230.2955102  231.22430839 232.15310658 233.08190476
 234.01070295 234.93950113 235.86829932 236.79709751 237.72589569
 238.65469388 239.58349206 240.51229025 241.44108844 242.36988662
 243.29868481 244.22748299 245.15628118 246.08507937 247.01387755
 247.94267574 248.87147392 249.80027211 250.72907029 251.65786848
 252.58666667 253.51546485 254.44426304 255.37306122 256.30185941
 257.2306576  258.15945578 259.08825397 260.01705215 260.94585034
 261.87464853 262.80344671 263.7322449  264.66104308 265.58984127
 266.51863946 267.44743764 268.37623583 269.30503401 270.25705215
 271.20907029 272.16108844 273.11310658 274.04190476 274.97070295
 275.89950113 276.82829932 277.75709751 278.68589569 279.61469388
 280.56671202 281.51873016 282.4707483  283.42276644 284.37478458
 285.32680272 286.27882086 287.230839   288.18285714 289.13487528
 290.08689342 291.03891156 291.99092971 292.94294785 293.89496599
 294.84698413 295.79900227 296.75102041 297.70303855 298.72471655
 299.7231746  300.74485261 301.74331066 302.74176871 303.85632653
 304.6922449  305.55138322 306.41052154 307.26965986 308.12879819
 309.1969161  310.14893424 311.10095238 312.07619048 313.05142857
 314.11954649 315.02512472 315.9539229  316.88272109 317.81151927
 318.74031746 319.66911565 320.76045351 321.64281179 322.52517007
 323.4307483  324.33632653 325.24190476 326.14748299 327.05306122
 327.95863946 328.86421769 329.76979592 330.67537415 331.58095238
 332.48653061 333.39210884 334.29768707 335.20326531 336.10884354
 336.87510204 337.6645805  338.45405896 339.28997732 340.12589569
 340.96181406 341.89061224 342.81941043 343.79464853 344.79310658
 345.79156463 346.74358277 347.69560091 348.64761905 349.59963719
 350.55165533 351.43401361 352.31637188 353.19873016 354.10430839
 355.00988662 355.91546485 356.82104308 357.74984127 358.67863946
 359.60743764 360.53623583 361.46503401 362.41705215 363.36907029
 364.34430839 365.31954649 366.29478458 367.27002268 368.24526077
 369.24371882 370.24217687 371.17097506 372.09977324 373.02857143
 373.95736961 374.8861678  375.81496599 376.74376417 377.69578231
 378.64780045 379.59981859 380.55183673 381.50385488 382.45587302
 383.40789116 384.3599093  385.31192744 386.26394558 387.1230839
 388.00544218 388.88780045 389.74693878 390.55963719 391.3723356
 392.20825397 393.06739229 393.85687075 394.66956916 395.50548753
 396.3414059  397.13088435 397.94358277 398.77950113 399.6154195
 400.381678   401.17115646 402.35537415 403.30739229 404.28263039
 405.0953288  405.88480726 406.65106576 407.44054422 408.23002268
 409.01950113 409.78575964 410.5752381  411.75945578 412.68825397
 413.61705215 414.73160998 415.63718821 416.56598639 417.68054422
 418.58612245 419.51492063 420.28117914 421.20997732 422.13877551
 423.0675737  424.01959184 424.97160998 425.92362812 426.87564626
 427.8276644  428.77968254 429.49950113 430.21931973 430.98557823
 431.89115646 432.79673469 433.70231293 434.60789116 435.51346939
 436.44226757 437.37106576 438.29986395 439.22866213 440.15746032
 441.0862585  442.01505669 442.94385488 443.71011338 444.47637188
 445.26585034 446.12498866 446.86802721 447.63428571 448.44698413
 449.25968254 450.00272109 450.74575964 451.51201814 452.37115646
 453.36961451 454.39129252 455.41297052 456.31854875 457.22412698
 458.12970522 459.03528345 459.94086168 460.84643991 461.75201814
 462.68081633 463.60961451 464.5384127  465.46721088 466.39600907
 467.32480726 468.25360544 469.18240363 470.11120181 471.04
 471.96879819 472.89759637 473.82639456 474.75519274 475.68399093
 476.61278912 477.5415873  478.47038549 479.39918367 480.32798186
 481.25678005 482.18557823 483.11437642 484.0431746  484.97197279
 485.90077098 486.82956916 487.75836735 488.68716553 489.61596372
 490.5447619  491.47356009 492.40235828 493.33115646 494.25995465
 495.18875283 496.11755102 497.04634921 497.97514739 498.90394558
 499.83274376 500.76154195 501.69034014 502.61913832 503.54793651
 504.47673469 505.40553288 506.33433107 507.26312925 508.19192744
 509.12072562 510.04952381 510.978322   511.90712018 512.83591837
 513.76471655 514.69351474 515.64553288 516.59755102 517.54956916
 518.5015873  519.45360544 520.40562358 521.35764172 522.30965986
 523.33133787 524.35301587 525.37469388 526.39637188 527.37160998
 528.34684807]
